Count : 6
+----------------------+--------+---------+-----------+-----------+------------+-----------+-----------+------------+------------+-----------+
| Test                 | Repeat | Take    | AdoNet_ID | Dapper    | L2DB_Query | L2DB_Linq | L2DB_Comp | EF_Query   | EF_Linq    | EF_Comp   |
+----------------------+--------+---------+-----------+-----------+------------+-----------+-----------+------------+------------+-----------+
| GetSingleColumnFast  | 100000 |         | 2.0515364 | 2.2134966 |  2.0659552 | 4.8595481 | 2.0453046 |  7.8259580 |  7.0957724 | 4.4564466 |
| GetSingleColumnSlow  | 100000 |         | 3.6456836 | 3.8293724 |  3.8152707 | 6.4311897 | 3.9455212 | 11.5080896 | 11.3060142 | 7.7895623 |
| GetSingleColumnParam | 100000 |         | 2.3951060 | 2.6089867 |  2.4949669 | 5.4958183 | 2.7016739 |  8.4958171 |  9.6597268 | 5.0127332 |
| GetNarrowList        |   1000 |   10000 | 1.1239376 | 2.1560164 |  1.2000379 | 1.3247132 | 1.2552130 |  2.6656919 |  2.7690739 | 2.7275440 |
| GetNarrowList        |    100 |  100000 | 1.0217652 | 2.1712433 |  1.1149563 | 1.2202424 | 1.1998358 |  2.8742175 |  2.9016640 | 3.0559889 |
| GetNarrowList        |     10 | 1000000 | 1.0092903 | 3.8986275 |  1.0897985 | 1.1999018 | 1.1920199 |  4.4331940 |  4.5577923 | 4.4825642 |
+----------------------+--------+---------+-----------+-----------+------------+-----------+-----------+------------+------------+-----------+
