Count : 7
+-------------+--------+---------+-----------+-----------+-----------+---------------+-----------+-----------+------------------+--------------+-------------+
| Test        | Repeat | Take    | AdoNet    | Dapper    | L2DB Sql  | L2DB Compiled | L2DB Linq | PetaPoco  | EF Core Compiled | EF Core Linq | EF Core Sql |
+-------------+--------+---------+-----------+-----------+-----------+---------------+-----------+-----------+------------------+--------------+-------------+
| GetWideList |  10000 |       1 | 0.5029611 | 0.5331890 | 0.5580485 |     0.6014230 | 0.6226993 | 0.6377807 |        0.9408040 |    1.0196213 |   1.2040452 |
| GetWideList |  10000 |      10 | 0.5738174 | 0.6181538 | 0.6027756 |     0.6740234 | 0.6992946 | 0.7108127 |        0.9919913 |    1.1042294 |   1.2981769 |
| GetWideList |  10000 |     100 | 2.1086258 | 2.2703069 | 1.7551967 |     1.9430262 | 2.2536075 | 2.2900871 |        2.1680240 |    2.4280354 |   3.3095435 |
| GetWideList |   1000 |    1000 | 0.8118456 | 0.9641140 | 0.8218091 |     0.8550232 | 0.8712636 | 0.8817762 |        0.9204751 |    0.9365376 |   1.4024907 |
| GetWideList |    100 |   10000 | 0.6810956 | 1.1789159 | 0.7166418 |     0.7204078 | 0.7306620 | 0.7711230 |        0.8485759 |    0.8191316 |   1.2185619 |
| GetWideList |     10 |  100000 | 0.6706439 | 1.2249297 | 0.6858829 |     0.6996260 | 0.7037154 | 0.7185954 |        0.7685791 |    0.7857083 |   1.1912012 |
| GetWideList |      1 | 1000000 | 0.6723869 | 1.2193124 | 0.6790301 |     0.7032695 | 0.7080544 | 0.7177454 |        0.7614267 |    0.8323537 |   1.1926016 |
+-------------+--------+---------+-----------+-----------+-----------+---------------+-----------+-----------+------------------+--------------+-------------+
