Count : 7
+---------------+--------+---------+-----------+-----------+-----------+-----------+-----------+-----------+-----------+
| Test          | Repeat | Take    | AdoNet    | Dapper    | L2DB_Sql  | L2DB_Linq | EF_Sql    | EF_Linq   | EF_Comp   |
+---------------+--------+---------+-----------+-----------+-----------+-----------+-----------+-----------+-----------+
| GetNarrowList |  10000 |       1 | 0.4495503 | 0.4752672 | 0.4782380 | 0.5824340 | 1.5280634 | 1.4738161 | 1.2147593 |
| GetNarrowList |  10000 |      10 | 0.4640884 | 0.4940609 | 0.4966084 | 0.6016831 | 1.7306961 | 1.4952931 | 1.3027022 |
| GetNarrowList |  10000 |     100 | 0.6319165 | 0.6764423 | 0.6747344 | 0.7976186 | 2.6645217 | 2.2149716 | 2.1571776 |
| GetNarrowList |   1000 |    1000 | 0.2839629 | 0.2808071 | 0.2833292 | 0.3150257 | 0.8733509 | 0.8582164 | 0.8041224 |
| GetNarrowList |    100 |   10000 | 0.1529552 | 0.2189387 | 0.2257568 | 0.1746889 | 1.0919337 | 0.9309762 | 0.8306054 |
| GetNarrowList |     10 |  100000 | 0.1404878 | 0.2201088 | 0.2161330 | 0.1711306 | 0.9728728 | 1.0298814 | 0.6874618 |
| GetNarrowList |      1 | 1000000 | 0.1526322 | 0.2191930 | 0.2470476 | 0.1712933 | 0.9193750 | 0.7038460 | 0.8055263 |
+---------------+--------+---------+-----------+-----------+-----------+-----------+-----------+-----------+-----------+
