Count : 7
+-------------+--------+---------+-----------+-----------+-----------+-----------+-----------+
| Test        | Repeat | Take    | AdoNet    | L2DB_Linq | EF_Sql    | EF_Linq   | EF_Comp   |
+-------------+--------+---------+-----------+-----------+-----------+-----------+-----------+
| GetWideList |   1000 |       1 | 0.0469950 | 0.1034442 | 0.1599387 | 0.1910940 | 0.1395255 |
| GetWideList |   1000 |      10 | 0.0520869 | 0.1288918 | 0.2441392 | 0.2154547 | 0.1920162 |
| GetWideList |   1000 |     100 | 0.1951946 | 0.2926007 | 0.7174703 | 0.6204541 | 0.5923630 |
| GetWideList |   1000 |    1000 | 0.7145096 | 1.0171238 | 4.9601379 | 4.8454846 | 4.8627321 |
| GetWideList |    100 |   10000 | 0.7188132 | 1.0652798 | 5.3915023 | 5.2948760 | 5.3093836 |
| GetWideList |     10 |  100000 | 0.6002296 | 0.9739306 | 5.4220383 | 5.3339491 | 5.4416451 |
| GetWideList |      1 | 1000000 | 0.5968410 | 0.9615837 | 5.3923970 | 5.3861582 | 5.2616926 |
+-------------+--------+---------+-----------+-----------+-----------+-----------+-----------+
