Count : 7
+---------------+--------+---------+-----------+-----------+-----------+-----------+-----------+
| Test          | Repeat | Take    | AdoNet    | L2DB_Linq | EF_Sql    | EF_Linq   | EF_Comp   |
+---------------+--------+---------+-----------+-----------+-----------+-----------+-----------+
| GetNarrowList |  10000 |       1 | 0.4484135 | 1.1650447 | 1.7646451 | 1.6803717 | 1.4246050 |
| GetNarrowList |  10000 |      10 | 0.4643794 | 1.1979491 | 2.2695950 | 2.3380196 | 1.8703501 |
| GetNarrowList |  10000 |     100 | 0.6279977 | 1.5897259 | 5.2831476 | 4.9936393 | 4.8360512 |
| GetNarrowList |   1000 |    1000 | 0.2718493 | 0.4735048 | 3.7210863 | 3.6394767 | 3.6225465 |
| GetNarrowList |    100 |   10000 | 0.1516651 | 0.3847621 | 3.8883292 | 3.8480290 | 3.8347412 |
| GetNarrowList |     10 |  100000 | 0.1611453 | 0.4038302 | 3.9689045 | 3.8738002 | 3.8964466 |
| GetNarrowList |      1 | 1000000 | 0.1387628 | 0.3410949 | 3.8730286 | 3.8543638 | 3.7931091 |
+---------------+--------+---------+-----------+-----------+-----------+-----------+-----------+
