Count : 7
+---------------+--------+---------+-----------+-----------+-----------+-----------+-----------+---------------+------------------+--------------+-------------+
| Test          | Repeat | Take    | AdoNet    | L2DB Sql  | Dapper    | L2DB Linq | PetaPoco  | L2DB Compiled | EF Core Compiled | EF Core Linq | EF Core Sql |
+---------------+--------+---------+-----------+-----------+-----------+-----------+-----------+---------------+------------------+--------------+-------------+
| GetNarrowList |  10000 |       1 | 0.3682442 | 0.3859268 | 0.3890782 | 0.4799832 | 0.5041234 |     0.5933229 |        0.7956863 |    0.9029052 |   1.0475740 |
| GetNarrowList |  10000 |      10 | 0.3803180 | 0.4001812 | 0.4104022 | 0.5517000 | 0.5206362 |     0.5883076 |        0.8075885 |    0.9870250 |   1.0706048 |
| GetNarrowList |  10000 |     100 | 0.5207976 | 0.5469865 | 0.5876112 | 0.6531746 | 0.6782256 |     0.6290726 |        0.9607532 |    1.0782394 |   1.2663941 |
| GetNarrowList |   1000 |    1000 | 0.2214241 | 0.4781619 | 0.2664960 | 0.2501579 | 0.2534855 |     0.2611444 |        0.2448949 |    0.2565926 |   0.3594868 |
| GetNarrowList |    100 |   10000 | 0.1122359 | 0.1186042 | 0.2085282 | 0.1293007 | 0.1316537 |     0.1263523 |        0.1334219 |    0.1335885 |   0.1840406 |
| GetNarrowList |     10 |  100000 | 0.1017833 | 0.1077965 | 0.2189380 | 0.1178943 | 0.1209830 |     0.1177611 |        0.1224185 |    0.1204210 |   0.1658043 |
| GetNarrowList |      1 | 1000000 | 0.0999223 | 0.1064038 | 0.2144717 | 0.1164321 | 0.1186928 |     0.1175910 |        0.1203869 |    0.1196793 |   0.1694269 |
+---------------+--------+---------+-----------+-----------+-----------+-----------+-----------+---------------+------------------+--------------+-------------+
