Count : 6
+-----------------------------+--------+------+-----------+-----------+-----------+-----------+-----------+
| Test                        | Repeat | Take | AdoNet    | L2DB_Linq | L2DB_Comp | EF_Linq   | EF_Comp   |
+-----------------------------+--------+------+-----------+-----------+-----------+-----------+-----------+
| SimpleLinqQuery             |   1000 |    1 | 0.0398576 | 0.0688772 | 0.0520718 | 0.1594030 | 0.1194129 |
| ComplicatedLinqFast         |   1000 |    1 | 0.0399555 | 0.1266942 | 0.0516151 | 0.2442329 | 0.1309705 |
| ComplicatedLinqSlow(100)    |    100 |   10 | 1.0618850 | 1.0668923 | 1.0642731 | 1.1003500 | 1.1048000 |
| ComplicatedLinqSlow(1000)   |    100 |   10 | 1.2752450 | 1.1311364 | 1.0816546 | 1.1599819 | 1.1568225 |
| ComplicatedLinqSlow(250000) |     20 |   10 | 1.8404135 | 1.8521463 | 1.8003192 | 5.6568565 | 4.7576890 |
| ComplicatedLinqSlow(500000) |     10 |   10 | 1.2064513 | 1.2483367 | 1.1119906 | 5.1376017 | 4.3465274 |
+-----------------------------+--------+------+-----------+-----------+-----------+-----------+-----------+
