Count : 7
+-------------+--------+---------+-----------+-----------+-----------+-----------+-----------+-----------+
| Test        | Repeat | Take    | AdoNet    | L2DB_Linq | L2DB_Comp | EF_Sql    | EF_Linq   | EF_Comp   |
+-------------+--------+---------+-----------+-----------+-----------+-----------+-----------+-----------+
| GetWideList |   1000 |       1 | 0.0387236 | 0.1132955 | 0.1090819 | 0.1475606 | 0.1385928 | 0.1252052 |
| GetWideList |   1000 |      10 | 0.0438997 | 0.1196730 | 0.1183579 | 0.1683342 | 0.1595954 | 0.1457385 |
| GetWideList |   1000 |     100 | 0.1820476 | 0.2766509 | 0.1810895 | 0.4590192 | 0.3476517 | 0.3302130 |
| GetWideList |   1000 |    1000 | 0.5816480 | 0.8595551 | 0.7917213 | 2.4933980 | 2.4761363 | 2.2484691 |
| GetWideList |    100 |   10000 | 0.4588508 | 0.7463227 | 0.7634633 | 2.8803925 | 2.7573899 | 2.6814394 |
| GetWideList |     10 |  100000 | 0.4431599 | 0.8126068 | 0.8018404 | 2.9358680 | 2.9117127 | 2.8177732 |
| GetWideList |      1 | 1000000 | 0.4415097 | 0.8260448 | 0.7676135 | 2.7936398 | 2.8182495 | 2.7117371 |
+-------------+--------+---------+-----------+-----------+-----------+-----------+-----------+-----------+
