Count : 7
+-------------+--------+---------+-----------+-----------+-----------+-----------+-----------+
| Test        | Repeat | Take    | AdoNet    | L2DB_Linq | EF_Sql    | EF_Linq   | EF_Comp   |
+-------------+--------+---------+-----------+-----------+-----------+-----------+-----------+
| GetWideList |  10000 |       1 | 0.4690823 | 1.1817105 | 2.1633811 | 1.8067396 | 1.4479418 |
| GetWideList |  10000 |      10 | 0.5207827 | 1.2805034 | 2.6192532 | 2.4654623 | 2.2020350 |
| GetWideList |  10000 |     100 | 1.9405044 | 2.9087114 | 6.9363237 | 6.5498927 | 6.0560824 |
| GetWideList |   1000 |    1000 | 0.7105276 | 1.0202614 | 4.7760772 | 4.8806316 | 4.7202497 |
| GetWideList |    100 |   10000 | 0.6079093 | 0.9225147 | 5.3074821 | 5.3410705 | 5.3489271 |
| GetWideList |     10 |  100000 | 0.5875314 | 0.9572987 | 5.3728473 | 5.3447411 | 5.4111323 |
| GetWideList |      1 | 1000000 | 0.5886651 | 0.9044007 | 5.3108219 | 5.3429153 | 5.2643830 |
+-------------+--------+---------+-----------+-----------+-----------+-----------+-----------+
