Count : 7
+---------------+--------+---------+-----------+-----------+-----------+-----------+-----------+---------------+------------------+--------------+-------------+
| Test          | Repeat | Take    | AdoNet    | L2DB Sql  | Dapper    | L2DB Linq | PetaPoco  | L2DB Compiled | EF Core Compiled | EF Core Linq | EF Core Sql |
+---------------+--------+---------+-----------+-----------+-----------+-----------+-----------+---------------+------------------+--------------+-------------+
| GetNarrowList |  10000 |       1 | 0.4769696 | 0.5007707 | 0.5274726 | 0.5937419 | 0.6103955 |     0.6133992 |        0.8866364 |    1.0310134 |   1.1350470 |
| GetNarrowList |  10000 |      10 | 0.4877712 | 0.5098680 | 0.5179400 | 0.6107204 | 0.6140987 |     0.5882676 |        0.9038740 |    1.0106411 |   1.1383300 |
| GetNarrowList |  10000 |     100 | 0.6267589 | 0.6570458 | 0.6982408 | 0.7619153 | 0.7717248 |     0.7390097 |        1.0391993 |    1.1458110 |   1.3338729 |
| GetNarrowList |   1000 |    1000 | 0.2354315 | 0.2473987 | 0.2818407 | 0.2645204 | 0.2675526 |     0.2245826 |        0.2517818 |    0.2578246 |   0.3603833 |
| GetNarrowList |    100 |   10000 | 0.1167217 | 0.1275440 | 0.2290160 | 0.1353706 | 0.1422173 |     0.1327011 |        0.1249699 |    0.1292718 |   0.9825628 |
| GetNarrowList |     10 |  100000 | 0.1041047 | 0.1130159 | 0.2233510 | 0.1319247 | 0.1225896 |     0.1241517 |        0.1262164 |    0.1159470 |   0.1605629 |
| GetNarrowList |      1 | 1000000 | 0.1014345 | 0.1095114 | 0.2170831 | 0.1259257 | 0.1227944 |     0.1210327 |        0.1092343 |    0.1134459 |   0.1628944 |
+---------------+--------+---------+-----------+-----------+-----------+-----------+-----------+---------------+------------------+--------------+-------------+
