Count : 7
+-------------+--------+---------+-----------+-----------+-----------+-----------+-----------+-----------+-----------+-----------+-----------+
| Test        | Repeat | Take    | AdoNet    | Dapper    | PetaPoco  | L2DB_Sql  | L2DB_Linq | L2DB_Comp | EF_Sql    | EF_Linq   | EF_Comp   |
+-------------+--------+---------+-----------+-----------+-----------+-----------+-----------+-----------+-----------+-----------+-----------+
| GetWideList |  10000 |       1 | 0.4389899 | 0.4690496 | 0.5952095 | 0.4657271 | 0.5683401 | 0.5481754 | 1.4691109 | 1.4056019 | 1.2499762 |
| GetWideList |  10000 |      10 | 0.5202090 | 0.5625379 | 0.6729246 | 0.5445110 | 0.6518618 | 0.6274533 | 1.5949182 | 1.5077560 | 1.3737686 |
| GetWideList |  10000 |     100 | 2.1161416 | 2.3112138 | 2.3335405 | 2.1518683 | 2.1272215 | 1.9306287 | 3.6018252 | 2.9467147 | 2.7209310 |
| GetWideList |   1000 |    1000 | 0.8389305 | 1.0151769 | 0.9541468 | 0.8810890 | 0.9343655 | 0.9008645 | 1.4234110 | 1.3330502 | 1.3490007 |
| GetWideList |    100 |   10000 | 0.7018613 | 1.1311714 | 0.7731130 | 0.7446542 | 0.7625031 | 0.7683751 | 1.1187140 | 1.0992429 | 1.0999414 |
| GetWideList |     10 |  100000 | 0.6881678 | 1.1593660 | 0.7540742 | 0.7176616 | 0.7362949 | 0.7437839 | 1.0952934 | 1.0726598 | 1.0642751 |
| GetWideList |      1 | 1000000 | 0.6857780 | 1.1395063 | 0.7555527 | 0.7112772 | 0.7399138 | 0.7412195 | 1.0852079 | 1.0597488 | 1.0574550 |
+-------------+--------+---------+-----------+-----------+-----------+-----------+-----------+-----------+-----------+-----------+-----------+
