Count : 7
+-------------+--------+---------+-----------+-----------+-----------+-----------+-----------+-----------+-----------+
| Test        | Repeat | Take    | AdoNet    | Dapper    | L2DB_Sql  | L2DB_Linq | EF_Sql    | EF_Linq   | EF_Comp   |
+-------------+--------+---------+-----------+-----------+-----------+-----------+-----------+-----------+-----------+
| GetWideList |  10000 |       1 | 0.4676127 | 0.5026240 | 0.5017828 | 0.6075734 | 1.7320109 | 1.3859739 | 1.2559191 |
| GetWideList |  10000 |      10 | 0.5215167 | 0.5632234 | 0.5568583 | 0.6624022 | 1.9986370 | 1.7405817 | 1.4717127 |
| GetWideList |  10000 |     100 | 1.9357118 | 1.9843993 | 2.0094066 | 2.1202698 | 3.7546860 | 2.6839587 | 2.5353369 |
| GetWideList |   1000 |    1000 | 0.7053998 | 0.6924828 | 0.7336036 | 0.7611457 | 1.6436145 | 1.4442780 | 1.4266351 |
| GetWideList |    100 |   10000 | 0.6057950 | 0.7574671 | 1.0279281 | 0.6544956 | 1.4516857 | 1.3248402 | 1.3454856 |
| GetWideList |     10 |  100000 | 0.5889028 | 0.7935472 | 0.8335880 | 0.6329738 | 1.4101529 | 1.2966873 | 1.3009023 |
| GetWideList |      1 | 1000000 | 0.5807945 | 0.7892391 | 0.8088093 | 0.6246552 | 1.4422208 | 1.2935522 | 1.2903522 |
+-------------+--------+---------+-----------+-----------+-----------+-----------+-----------+-----------+-----------+
