Count : 6
+---------------+--------+--------+-----------+-----------+-----------+-----------+-----------+-----------+
| Test          | Repeat | Take   | AdoNet    | L2DB_Linq | L2DB_Comp | EF_Sql    | EF_Linq   | EF_Comp   |
+---------------+--------+--------+-----------+-----------+-----------+-----------+-----------+-----------+
| GetNarrowList |  10000 |      1 | 0.3987403 | 1.1676186 | 1.1406109 | 1.5115346 | 1.4327069 | 1.2871003 |
| GetNarrowList |  10000 |     10 | 0.4149642 | 1.2045708 | 1.1848558 | 1.6563897 | 1.5658227 | 1.4178525 |
| GetNarrowList |   1000 |    100 | 0.0565233 | 0.1544423 | 0.1526832 | 0.2971307 | 0.2835741 | 0.2693575 |
| GetNarrowList |    100 |   1000 | 0.0247798 | 0.0456234 | 0.0430517 | 0.1764305 | 0.1624627 | 0.1647612 |
| GetNarrowList |     10 |  10000 | 0.0123686 | 0.0234381 | 0.0259754 | 0.1780137 | 0.1694911 | 0.1724739 |
| GetNarrowList |      1 | 100000 | 0.0110480 | 0.0260721 | 0.0269980 | 0.1811381 | 0.1701416 | 0.1725128 |
+---------------+--------+--------+-----------+-----------+-----------+-----------+-----------+-----------+
