Count : 6
+-------------+--------+--------+-----------+-----------+-----------+-----------+-----------+-----------+-----------+
| Test        | Repeat | Take   | AdoNet    | L2DB_Linq | EF_Sql    | EF_Linq   | EF_Comp   | EF6_Sql   | EF6_Linq  |
+-------------+--------+--------+-----------+-----------+-----------+-----------+-----------+-----------+-----------+
| GetWideList |   1000 |      1 | 0.0553355 | 0.1027660 | 0.1464291 | 0.1413750 | 0.1296345 | 0.1365080 | 0.1652328 |
| GetWideList |   1000 |     10 | 0.0611509 | 0.1161636 | 0.1797745 | 0.1722424 | 0.1598909 | 0.1677603 | 0.1972987 |
| GetWideList |   1000 |    100 | 0.2244362 | 0.3067153 | 0.5898379 | 0.4730977 | 0.4632796 | 0.5857543 | 0.6179298 |
| GetWideList |    100 |   1000 | 0.0958504 | 0.1432831 | 0.3782666 | 0.3586003 | 0.3532095 | 0.3990396 | 0.4035860 |
| GetWideList |     10 |  10000 | 0.0881737 | 0.1350688 | 0.4094038 | 0.3940016 | 0.3886610 | 0.4887102 | 0.4917129 |
| GetWideList |      1 | 100000 | 0.0867131 | 0.1338926 | 0.4103936 | 0.3873554 | 0.3966521 | 0.5103189 | 0.5152914 |
+-------------+--------+--------+-----------+-----------+-----------+-----------+-----------+-----------+-----------+
