Count : 7
+-------------+--------+--------+-----------+------------------+--------------+--------------+-------------+-----------+-----------+---------------+-----------+-----------+-----------+
| Test        | Repeat | Take   | AdoNet    | EF Core Compiled | L2S Compiled | EF Core Linq | EF Core Sql | L2DB Linq | EF6 Sql   | L2DB Compiled | EF6 Linq  | L2S Sql   | L2S Linq  |
+-------------+--------+--------+-----------+------------------+--------------+--------------+-------------+-----------+-----------+---------------+-----------+-----------+-----------+
| GetWideList |   1000 |      1 | 0.1721867 |        0.2282207 |    0.2566885 |    0.2590311 |   0.2724731 | 0.2758201 | 0.3033151 |     0.3274731 | 0.3599846 | 0.3874461 | 0.4262491 |
| GetWideList |   1000 |     10 | 0.1984871 |        0.2812045 |    0.3076110 |    0.3082750 |   0.3174867 | 0.3364340 | 0.3392254 |     0.3140946 | 0.3769375 | 0.4255422 | 0.4619268 |
| GetWideList |   1000 |    100 | 0.5498455 |        0.7047560 |    0.6812148 |    0.7405775 |   0.9262059 | 0.7557786 | 1.0405082 |     0.7012998 | 1.0908458 | 1.0966930 | 1.0928852 |
| GetWideList |   1000 |   1000 | 2.2825251 |        4.6096293 |    4.4765848 |    4.6360513 |   4.5620937 | 3.4237272 | 5.7318338 |     3.3422243 | 6.0405447 | 5.2067117 | 4.9777606 |
| GetWideList |    100 |   1000 | 0.2256452 |        0.4778583 |    0.4593374 |    0.4596338 |   0.5072983 | 0.3480316 | 0.6233071 |     0.3239812 | 0.6112286 | 0.5302588 | 0.5303665 |
| GetWideList |     10 |  10000 | 0.2132613 |        0.6044812 |    0.6242612 |    0.6468440 |   0.5765251 | 0.2690185 | 1.0200130 |     0.2705627 | 1.0338062 | 0.6450075 | 0.6472109 |
| GetWideList |      1 | 100000 | 0.1978466 |        0.6168667 |    0.5839031 |    0.6292635 |   0.5790830 | 0.2739970 | 0.9318128 |     0.2745365 | 1.0358711 | 0.6028097 | 0.5826205 |
+-------------+--------+--------+-----------+------------------+--------------+--------------+-------------+-----------+-----------+---------------+-----------+-----------+-----------+
