Count : 7
+---------------+--------+---------+-----------+-----------+-----------+---------------+---------------+-----------+-----------+----------------+--------------------+------------------+--------------+-----------+-------------+--------------+-----------+-----------+-----------+
| Test          | Repeat | Take    | AdoNet    | L2DB Sql  | Dapper    | BLToolkit Sql | L2DB Compiled | PetaPoco  | L2DB Linq | BLToolkit Linq | BLToolkit Compiled | EF Core Compiled | EF Core Linq | EF6 Sql   | EF Core Sql | L2S Compiled | EF6 Linq  | L2S Sql   | L2S Linq  |
+---------------+--------+---------+-----------+-----------+-----------+---------------+---------------+-----------+-----------+----------------+--------------------+------------------+--------------+-----------+-------------+--------------+-----------+-----------+-----------+
| GetNarrowList |  10000 |       1 | 0.5238734 | 0.5480333 | 0.5773207 |     0.5934458 |     0.6431008 | 0.6590781 | 0.6701455 |      0.6786989 |          0.6886847 |        0.9468956 |    1.1229062 | 1.1828364 |   1.1989861 |    1.3256208 | 1.4574570 | 1.5767968 | 1.7383809 |
| GetNarrowList |  10000 |      10 | 0.5416907 | 0.5795606 | 0.5746699 |     0.6145141 |     0.6549294 | 0.6751679 | 0.6823414 |      0.7069499 |          0.7139123 |        1.0035441 |    1.0882198 | 1.3156781 |   1.3037130 |    1.3513281 | 1.5012256 | 1.6054145 | 1.7482218 |
| GetNarrowList |  10000 |     100 | 0.7098384 | 0.7808493 | 0.7949706 |     0.8625918 |     0.8688423 | 0.8940814 | 0.8880280 |      0.9612574 |          0.9684086 |        1.2327207 |    1.2815675 | 2.5587950 |   1.5346851 |    1.5930938 | 1.8201821 | 1.8430353 | 1.9955487 |
| GetNarrowList |   1000 |    1000 | 0.2781324 | 0.3076646 | 0.3303232 |     0.3683413 |     0.2982612 | 0.3354104 | 0.3310219 |      0.3775674 |          0.3492037 |        0.3150076 |    0.3132960 |           |   0.4560838 |    0.4105702 | 0.5318999 | 0.4714257 | 0.4853894 |
| GetNarrowList |    100 |   10000 | 0.1456832 | 0.1872907 | 0.2683328 |     0.2408138 |     0.1990602 | 0.2044146 | 0.2168493 |      0.2479417 |          0.2338100 |        0.1874022 |    0.1760996 |           |   0.2695454 |    0.2388545 | 0.3365554 | 0.2759244 | 0.3306133 |
| GetNarrowList |     10 |  100000 | 0.1365974 | 0.1752153 | 0.2873109 |     0.2846602 |     0.1827971 | 0.1887801 | 0.1845536 |      0.2278041 |          0.2298941 |        0.1762964 |    0.1680753 |           |   0.2544141 |    0.2246961 | 0.3323873 | 0.2381296 | 0.2299099 |
| GetNarrowList |      1 | 1000000 | 0.1326330 | 0.1700140 | 0.2763634 |     0.2806082 |     0.1880615 | 0.1848520 | 0.1868189 |      0.2349495 |          0.2424653 |        0.1901076 |    0.1629939 |           |   1.8001342 |    0.2266374 | 0.3061731 | 0.2278098 | 0.2250477 |
+---------------+--------+---------+-----------+-----------+-----------+---------------+---------------+-----------+-----------+----------------+--------------------+------------------+--------------+-----------+-------------+--------------+-----------+-----------+-----------+
