Count : 6
+-----------------------------+--------+------+-----------+-----------+-----------+-----------+-----------+-----------+-----------+-----------+-----------+------------+------------+
| Test                        | Repeat | Take | AdoNet    | L2DB_Linq | L2DB_Comp | EF_Linq   | EF_Comp   | BLT_Sql   | BLT_Linq  | BLT_Comp  | EF6_Linq  | L2S_Linq   | L2S_Comp   |
+-----------------------------+--------+------+-----------+-----------+-----------+-----------+-----------+-----------+-----------+-----------+-----------+------------+------------+
| SimpleLinqQuery             |   1000 |    1 | 0.0414605 | 0.0651019 | 0.0535508 | 0.1337536 | 0.1037851 | 0.0653083 | 0.0653083 | 0.0559619 | 0.1706359 |  0.1750221 |  0.1028494 |
| ComplicatedLinqFast         |   1000 |    1 | 0.0421099 | 0.1010418 | 0.0532913 | 0.1960463 | 0.1129592 | 0.1036836 | 0.1036836 | 0.0594718 | 0.3315667 |  0.4477613 |  0.1077604 |
| ComplicatedLinqSlow(100)    |    100 |   10 | 1.0636829 | 1.1977084 | 1.0867019 | 1.0953680 | 1.0890939 | 1.0650762 | 1.0650762 | 1.0656640 | 1.1088536 |  1.2165732 |  1.1217390 |
| ComplicatedLinqSlow(1000)   |    100 |   10 | 1.2266283 | 1.2407262 | 1.3300319 | 1.1584548 | 1.2004182 | 1.2338181 | 1.2338181 | 1.0842936 | 1.3307773 |  1.2675122 |  3.4300847 |
| ComplicatedLinqSlow(250000) |     20 |   10 | 1.9391082 | 1.8953403 | 1.8412574 | 5.3646528 | 5.4453933 | 1.8879864 | 1.8879864 | 3.8967183 | 1.6389483 | 10.6227233 | 10.6754337 |
| ComplicatedLinqSlow(500000) |     10 |   10 | 1.2972372 | 1.3087991 | 1.2624327 | 5.0623240 | 5.1982729 | 1.2803982 | 1.2803982 | 1.4234307 | 1.1085299 |  9.8050730 |  9.7255850 |
+-----------------------------+--------+------+-----------+-----------+-----------+-----------+-----------+-----------+-----------+-----------+-----------+------------+------------+
