Count : 7
+---------------+--------+---------+-----------+-----------+-----------+-----------+---------------+-----------+------------------+-------------+--------------+
| Test          | Repeat | Take    | AdoNet    | Dapper    | PetaPoco  | L2DB Sql  | L2DB Compiled | L2DB Linq | EF Core Compiled | EF Core Sql | EF Core Linq |
+---------------+--------+---------+-----------+-----------+-----------+-----------+---------------+-----------+------------------+-------------+--------------+
| GetNarrowList |  10000 |       1 | 1.0553466 | 1.1419980 | 1.2923947 | 1.4532696 |     1.6547301 | 1.8075327 |        3.1413257 |   3.3448442 |    3.4169693 |
| GetNarrowList |  10000 |      10 | 1.1213902 | 1.1822573 | 1.3654872 | 1.5143200 |     1.6631880 | 1.9786228 |        3.5114360 |   3.3205224 |    3.6528388 |
| GetNarrowList |  10000 |     100 | 1.4609752 | 1.6973518 | 1.7680068 | 2.0125679 |     2.2955668 | 2.2462929 |        4.0087631 |   4.1348911 |    4.2884000 |
| GetNarrowList |   1000 |    1000 | 0.5410260 | 0.6404912 | 0.6421946 | 0.6107065 |     0.6418140 | 0.6627505 |        0.9643139 |   1.0677639 |    1.0058593 |
| GetNarrowList |    100 |   10000 | 0.2482733 | 0.4392726 | 0.3330482 | 0.2758073 |     0.2931715 | 0.2755529 |        0.5353135 |   0.5467364 |    0.5476641 |
| GetNarrowList |     10 |  100000 | 0.2157165 | 0.4347094 | 0.2919937 | 0.2322324 |     0.2398541 | 0.2360702 |        0.4569758 |   0.4606421 |    0.4605117 |
| GetNarrowList |      1 | 1000000 | 0.2094047 | 0.3865554 | 0.2775684 | 0.2237597 |     0.2337648 | 0.2309080 |        0.4392435 |   0.4413068 |    0.4390929 |
+---------------+--------+---------+-----------+-----------+-----------+-----------+---------------+-----------+------------------+-------------+--------------+
