Count : 7
+-------------+--------+---------+-----------+-----------+---------------+-----------+-----------+-----------+------------------+-------------+--------------+
| Test        | Repeat | Take    | L2DB Sql  | Dapper    | L2DB Compiled | AdoNet    | L2DB Linq | PetaPoco  | EF Core Compiled | EF Core Sql | EF Core Linq |
+-------------+--------+---------+-----------+-----------+---------------+-----------+-----------+-----------+------------------+-------------+--------------+
| GetWideList |  10000 |       1 | 0.7113518 | 0.7149629 |     0.8831549 | 0.9029637 | 0.9873390 | 1.1501480 |        2.6834870 |   2.7286476 |    2.8609375 |
| GetWideList |  10000 |      10 | 0.8583384 | 0.8582446 |     0.8786315 | 1.0111322 | 1.0769832 | 1.2978590 |        2.8334937 |   2.9879901 |    2.9806091 |
| GetWideList |  10000 |     100 | 3.3143065 | 3.5465928 |     3.1290809 | 3.6238046 | 3.2919826 | 3.9241891 |        5.1911219 |   5.8864009 |    5.4013621 |
| GetWideList |   1000 |    1000 | 1.0899439 | 1.2853583 |     1.0767832 | 1.1623251 | 1.1012085 | 1.2285698 |        1.7531860 |   1.6733432 |    1.7162088 |
| GetWideList |    100 |   10000 | 0.8515984 | 1.4464663 |     0.8786349 | 0.9054627 | 0.8807845 | 0.9454680 |        1.3648308 |   1.2727121 |    1.2923599 |
| GetWideList |     10 |  100000 | 0.8415620 | 1.4727073 |     0.8497599 | 0.8826843 | 0.8482271 | 0.8958423 |        1.2229150 |   1.1119224 |    1.2104650 |
| GetWideList |      1 | 1000000 | 0.8640848 | 1.6082651 |     0.8568965 | 0.8362414 | 0.8610242 | 0.8989678 |        1.2143448 |   1.1447711 |    1.1868108 |
+-------------+--------+---------+-----------+-----------+---------------+-----------+-----------+-----------+------------------+-------------+--------------+
