Count : 7
+-------------+--------+---------+-----------+-----------+-----------+-----------+-----------+-----------+-----------+
| Test        | Repeat | Take    | AdoNet    | L2DB_Linq | EF_Sql    | EF_Linq   | EF_Comp   | EG6_Sql   | EG6_Linq  |
+-------------+--------+---------+-----------+-----------+-----------+-----------+-----------+-----------+-----------+
| GetWideList |  10000 |       1 | 0.5084476 | 1.1160019 | 1.3680196 | 1.3270276 | 1.1933565 | 1.2491984 | 1.5345378 |
| GetWideList |  10000 |      10 | 0.5705753 | 1.1866399 | 1.6666934 | 1.6183157 | 1.4811153 | 1.5583123 | 1.8441207 |
| GetWideList |  10000 |     100 | 2.0967119 | 2.8882930 | 5.5036166 | 4.4403480 | 4.2995360 | 5.4778902 | 5.7836698 |
| GetWideList |   1000 |    1000 | 0.8409250 | 1.2641568 | 3.5416764 | 3.3243410 | 3.3558553 | 3.7203233 | 3.7834318 |
| GetWideList |    100 |   10000 | 0.7696364 | 1.1260264 | 3.9219485 | 3.7676503 | 3.7622403 | 4.8062845 | 4.7454429 |
| GetWideList |     10 |  100000 | 0.7330585 | 1.1633361 | 3.9893622 | 3.8238212 | 3.8044274 | 4.9632784 | 4.9296222 |
| GetWideList |      1 | 1000000 | 0.7270648 | 1.1354744 | 3.8850870 | 3.7996694 | 3.7999997 | 4.8678909 | 4.8719582 |
+-------------+--------+---------+-----------+-----------+-----------+-----------+-----------+-----------+-----------+
