Count : 7
+-------------+--------+---------+-----------+-----------+-----------+---------------+-----------+-----------+------------------+--------------+-------------+
| Test        | Repeat | Take    | AdoNet    | L2DB Sql  | PetaPoco  | L2DB Compiled | Dapper    | L2DB Linq | EF Core Compiled | EF Core Linq | EF Core Sql |
+-------------+--------+---------+-----------+-----------+-----------+---------------+-----------+-----------+------------------+--------------+-------------+
| GetWideList |  10000 |       1 | 0.7053880 | 0.7259771 | 0.8434405 |     1.0606327 | 1.2071841 | 1.2102422 |        1.9875619 |    2.2078063 |   2.2095720 |
| GetWideList |  10000 |      10 | 0.7438255 | 1.0667021 | 0.9384635 |     0.9818918 | 0.9438357 | 1.0023226 |        2.2179858 |    2.1282592 |   2.2267005 |
| GetWideList |  10000 |     100 | 2.1093817 | 2.2484985 | 2.3604131 |     2.4511610 | 2.3572330 | 2.6375189 |        3.2341250 |    3.3451882 |   3.5024090 |
| GetWideList |   1000 |    1000 | 0.6998191 | 0.6768062 | 0.7695644 |     0.7335454 | 0.7812197 | 0.7117044 |        0.8935826 |    0.8556627 |   0.8605714 |
| GetWideList |    100 |   10000 | 0.5915504 | 0.6227792 | 0.6233411 |     0.4824577 | 0.8187026 | 0.6068136 |        0.6839845 |    0.6002094 |   0.6898572 |
| GetWideList |     10 |  100000 | 0.5460588 | 0.4653264 | 0.4987637 |     0.5666930 | 0.8519361 | 0.4540810 |        0.5461707 |    0.6184131 |   0.5235516 |
| GetWideList |      1 | 1000000 | 0.4429606 | 0.4571748 | 0.4738390 |     0.5056857 | 0.8768445 | 0.4634022 |        0.5265878 |    0.5333592 |   0.5160364 |
+-------------+--------+---------+-----------+-----------+-----------+---------------+-----------+-----------+------------------+--------------+-------------+
