Count : 7
+---------------+--------+--------+-----------+---------------+-----------+------------------+--------------+-----------+-------------+--------------+-----------+-----------+-----------+
| Test          | Repeat | Take   | AdoNet    | L2DB Compiled | L2DB Linq | EF Core Compiled | EF Core Linq | EF6 Sql   | EF Core Sql | L2S Compiled | EF6 Linq  | L2S Sql   | L2S Linq  |
+---------------+--------+--------+-----------+---------------+-----------+------------------+--------------+-----------+-------------+--------------+-----------+-----------+-----------+
| GetNarrowList |  10000 |      1 | 0.5292225 |     0.9570416 | 0.9683700 |        1.0786256 |    1.1859688 | 1.1933990 |   1.2588985 |    1.3830450 | 1.4946533 | 1.6375213 | 1.7970779 |
| GetNarrowList |  10000 |     10 | 0.5416081 |     0.9640257 | 0.9742148 |        1.1718596 |    1.2952704 | 1.3135590 |   1.3743356 |    1.4631721 | 1.6269485 | 1.7784208 | 1.8734119 |
| GetNarrowList |   1000 |    100 | 0.0716656 |     0.1339892 | 0.1361471 |        0.2182499 |    0.2280837 | 0.2528683 |   0.2386722 |    0.2227109 | 0.2842175 | 0.2462417 | 0.2640706 |
| GetNarrowList |   1000 |   1000 | 0.2703556 |     0.4624768 | 0.4899457 |        1.2153796 |    1.3044660 | 1.5805275 |   1.3301072 |    0.9800800 | 1.6049505 | 1.0504903 | 1.0726209 |
| GetNarrowList |    100 |   1000 | 0.0275400 |     0.0444669 | 0.0433913 |        0.1236082 |    0.1233839 | 0.1555587 |   0.1297847 |    0.1020321 | 0.1591821 | 0.1058600 | 0.1064991 |
| GetNarrowList |     10 |  10000 | 0.0166948 |     0.0301579 | 0.0291803 |        0.1462251 |    0.1480742 | 0.2374298 |   0.1505056 |    0.1045327 | 0.2376511 | 0.1041249 | 0.1080070 |
| GetNarrowList |      1 | 100000 | 0.0134815 |     0.0321722 | 0.0303789 |        0.1501450 |    0.1432982 | 0.2209244 |   0.1572228 |    0.1059105 | 0.2200650 | 0.1074359 | 0.1096314 |
+---------------+--------+--------+-----------+---------------+-----------+------------------+--------------+-----------+-------------+--------------+-----------+-----------+-----------+
