Count : 7
+-------------+--------+---------+-----------+-----------+-----------+-----------+---------------+---------------+----------------+--------------------+-----------+------------------+--------------+--------------+-------------+-----------+-----------+-----------+-----------+
| Test        | Repeat | Take    | AdoNet    | Dapper    | L2DB Sql  | PetaPoco  | L2DB Compiled | BLToolkit Sql | BLToolkit Linq | BLToolkit Compiled | L2DB Linq | EF Core Compiled | L2S Compiled | EF Core Linq | EF Core Sql | EF6 Sql   | EF6 Linq  | L2S Sql   | L2S Linq  |
+-------------+--------+---------+-----------+-----------+-----------+-----------+---------------+---------------+----------------+--------------------+-----------+------------------+--------------+--------------+-------------+-----------+-----------+-----------+-----------+
| GetWideList |  10000 |       1 | 0.7956010 | 0.8685148 | 0.9753380 | 1.1179278 |     1.1200802 |     1.1442936 |      1.2515663 |          1.2733175 | 1.4301210 |        1.7925522 |    1.8577791 |    1.9230307 |   2.2157285 | 2.2275189 | 2.6877641 | 3.0566524 | 3.5856314 |
| GetWideList |  10000 |      10 | 0.9756868 | 1.0830778 | 1.1149978 | 1.3767497 |     1.3227870 |     1.4536033 |      1.5411597 |          1.5705873 | 1.6199730 |        1.9000801 |    2.1985123 |    2.2176266 |   2.6164871 | 2.7414220 | 2.8949854 | 3.2411749 | 3.8914237 |
| GetWideList |  10000 |     100 | 4.2688315 | 4.6586437 | 4.5516830 | 4.7461587 |     3.9264612 |     5.5097955 |      5.5029794 |          4.3623997 | 4.1945096 |        4.5915607 |    4.4514390 |    4.8215935 |   6.7197118 | 8.8844750 | 6.6195891 | 6.7129641 | 7.2370582 |
| GetWideList |   1000 |    1000 | 1.7313720 | 2.0797571 | 1.8433252 | 1.9825450 |     1.8012643 |     2.7223569 |      2.7264703 |          2.6359015 | 1.8409246 |        1.9669637 |    1.9721227 |    2.0133537 |   2.9156715 |           | 2.4439846 | 2.2243869 | 2.2857723 |
| GetWideList |    100 |   10000 | 1.4431179 | 2.6879392 | 1.5850226 | 1.6191893 |     1.5615289 |     2.4475521 |      2.3714627 |          2.3702360 | 1.5832063 |        1.6858645 |    1.6666157 |    1.7020792 |   2.4606655 |           | 1.9628508 | 1.7098144 | 1.7051899 |
| GetWideList |     10 |  100000 | 1.4137929 | 2.7516804 | 1.5140606 | 1.5950084 |     1.5058229 |     3.0296777 |      2.3327084 |          2.3135014 | 1.5204896 |        1.6223435 |    1.6229348 |    1.6296046 |   2.3639750 |           | 1.8833206 | 1.6462409 | 1.6256976 |
| GetWideList |      1 | 1000000 | 1.4028576 | 2.6253746 | 1.5181280 | 1.5771752 |     1.5051185 |     2.9409980 |      2.3027463 |          2.2978626 | 1.5059820 |        1.6244438 |    1.6060393 |    1.6191814 |   2.3529916 |           | 1.8640311 | 1.6181781 | 1.6019321 |
+-------------+--------+---------+-----------+-----------+-----------+-----------+---------------+---------------+----------------+--------------------+-----------+------------------+--------------+--------------+-------------+-----------+-----------+-----------+-----------+
