Count : 7
+-------------+--------+--------+-----------+---------------+-----------+------------------+--------------+-----------+-------------+--------------+-----------+-----------+-----------+
| Test        | Repeat | Take   | AdoNet    | L2DB Compiled | L2DB Linq | EF Core Compiled | EF Core Linq | EF6 Sql   | EF Core Sql | L2S Compiled | EF6 Linq  | L2S Sql   | L2S Linq  |
+-------------+--------+--------+-----------+---------------+-----------+------------------+--------------+-----------+-------------+--------------+-----------+-----------+-----------+
| GetWideList |   1000 |      1 | 0.0560827 |     0.1018100 | 0.1020625 |        0.1160700 |    0.1241512 | 0.1292432 |   0.1320372 |    0.1445615 | 0.1562947 | 0.2093047 | 0.2360309 |
| GetWideList |   1000 |     10 | 0.0639477 |     0.1139464 | 0.1127028 |        0.1464915 |    0.1568616 | 0.1628378 |   0.1671100 |    0.1697470 | 0.1907860 | 0.2349485 | 0.2627238 |
| GetWideList |   1000 |    100 | 0.2248435 |     0.2354978 | 0.3018998 |        0.4535473 |    0.4573426 | 0.5721862 |   0.5582366 |    0.4207488 | 0.6017661 | 0.5766427 | 0.6013483 |
| GetWideList |   1000 |   1000 | 0.9300580 |     1.3759116 | 1.4226768 |        3.4968198 |    3.6303468 | 4.1720833 |   3.5834082 |    2.9928526 | 4.0862695 | 3.1082960 | 3.1217262 |
| GetWideList |    100 |   1000 | 0.0941247 |     0.1356900 | 0.1500251 |        0.3649417 |    0.3626745 | 0.4132534 |   0.3703344 |    0.2960104 | 0.4222007 | 0.3153564 | 0.3180296 |
| GetWideList |     10 |  10000 | 0.0789824 |     0.1309530 | 0.1291087 |        0.4287672 |    0.4345831 | 0.6172957 |   0.4321122 |    0.3666000 | 0.6228742 | 0.3620926 | 0.3593132 |
| GetWideList |      1 | 100000 | 0.0882860 |     0.1366746 | 0.1309655 |        0.4449834 |    0.4274569 | 0.5932210 |   0.4316750 |    1.6709005 | 0.5862481 | 0.3722196 | 0.3644914 |
+-------------+--------+--------+-----------+---------------+-----------+------------------+--------------+-----------+-------------+--------------+-----------+-----------+-----------+
