Count : 7
+-------------+--------+---------+-----------+-----------+---------------+-----------+-----------+-----------+------------------+-------------+--------------+
| Test        | Repeat | Take    | L2DB Sql  | Dapper    | L2DB Compiled | AdoNet    | L2DB Linq | PetaPoco  | EF Core Compiled | EF Core Sql | EF Core Linq |
+-------------+--------+---------+-----------+-----------+---------------+-----------+-----------+-----------+------------------+-------------+--------------+
| GetWideList |  10000 |       1 | 0.7452632 | 0.8296720 |     0.9256328 | 0.9655549 | 1.0896707 | 1.2554024 |        2.9595567 |   2.9802511 |    3.0431354 |
| GetWideList |  10000 |      10 | 0.8459422 | 0.8477834 |     1.0545539 | 0.9795171 | 1.2345585 | 1.3403193 |        2.9438987 |   3.0353870 |    3.1831272 |
| GetWideList |  10000 |     100 | 3.6051746 | 3.7628213 |     3.2498350 | 3.6794905 | 3.4522609 | 3.9736606 |        5.4082510 |   6.3351950 |    5.8661982 |
| GetWideList |   1000 |    1000 | 1.2553501 | 1.4773744 |     1.3387819 | 1.2814208 | 1.2867016 | 1.4757215 |        2.0059488 |   1.9885465 |    1.9967924 |
| GetWideList |    100 |   10000 | 1.0333786 | 1.7484192 |     1.0363978 | 1.0739729 | 1.0662711 | 1.1405084 |        1.5628641 |   1.4232118 |    1.6302184 |
| GetWideList |     10 |  100000 | 0.9853459 | 1.8127603 |     1.0340018 | 0.9990181 | 1.0587037 | 1.0925445 |        1.4572987 |   1.3131347 |    1.5369774 |
| GetWideList |      1 | 1000000 | 1.0034953 | 1.8578454 |     1.0997436 | 1.0372430 | 0.9922313 | 1.0924678 |        1.4237930 |   1.3025223 |    1.5458334 |
+-------------+--------+---------+-----------+-----------+---------------+-----------+-----------+-----------+------------------+-------------+--------------+
