Count : 7
+---------------+--------+---------+-----------+-----------+-----------+-----------+-----------+-----------+-----------+-----------+-----------+
| Test          | Repeat | Take    | AdoNet    | Dapper    | L2DB_Sql  | L2DB_Linq | EF_Sql    | EF_Linq   | EF_Comp   | EG6_Sql   | EG6_Linq  |
+---------------+--------+---------+-----------+-----------+-----------+-----------+-----------+-----------+-----------+-----------+-----------+
| GetNarrowList |  10000 |       1 | 0.4698386 | 0.4948945 | 0.5191176 | 0.6246124 | 1.2306902 | 1.2122979 | 1.0893826 | 1.1843279 | 1.4475669 |
| GetNarrowList |  10000 |      10 | 0.5060295 | 0.5380490 | 0.5421960 | 0.6484991 | 1.3356059 | 1.2849461 | 1.1632777 | 1.3714260 | 1.5049858 |
| GetNarrowList |  10000 |     100 | 0.7045629 | 0.7615376 | 0.7643113 | 0.8782285 | 2.0536862 | 1.9935312 | 1.8638226 | 3.4617944 | 2.0313848 |
| GetNarrowList |   1000 |    1000 | 0.3102540 | 0.3325469 | 0.3362516 | 0.3575160 | 1.0337319 | 1.0358464 | 1.1190810 | 2.1405944 | 0.7711427 |
| GetNarrowList |    100 |   10000 | 0.1903875 | 0.2159225 | 0.2191410 | 0.2194593 | 0.8739582 | 0.9259413 | 0.7789970 | 2.7211232 | 0.5676388 |
| GetNarrowList |     10 |  100000 | 0.1788788 | 0.2798998 | 0.2715132 | 0.2054468 | 0.8150395 | 0.9932188 | 1.1194546 | 2.9529504 | 0.5438984 |
| GetNarrowList |      1 | 1000000 | 0.1966249 | 0.2675176 | 0.2795793 | 0.2061613 | 0.9385176 | 0.7337572 | 0.7919709 | 2.9221941 | 0.8763233 |
+---------------+--------+---------+-----------+-----------+-----------+-----------+-----------+-----------+-----------+-----------+-----------+
