Count : 7
+---------------+--------+---------+-----------+-----------+---------------+-----------+----------------+-----------+---------------+--------------------+-----------+------------------+--------------+--------------+-----------+-----------+-------------+-----------+-----------+
| Test          | Repeat | Take    | AdoNet    | Dapper    | BLToolkit Sql | L2DB Sql  | BLToolkit Linq | PetaPoco  | L2DB Compiled | BLToolkit Compiled | L2DB Linq | EF Core Compiled | L2S Compiled | EF Core Linq | EF6 Sql   | L2S Sql   | EF Core Sql | L2S Linq  | EF6 Linq  |
+---------------+--------+---------+-----------+-----------+---------------+-----------+----------------+-----------+---------------+--------------------+-----------+------------------+--------------+--------------+-----------+-----------+-------------+-----------+-----------+
| GetNarrowList |  10000 |       1 | 0.7832032 | 0.8264047 |     0.8991780 | 0.9349481 |      0.9744499 | 0.9830881 |     0.9887245 |          1.0730720 | 1.4684951 |        1.8375536 |    1.8732228 |    1.9570299 | 2.0260459 | 2.2502444 |   2.3224787 | 2.5540041 | 2.6249811 |
| GetNarrowList |  10000 |      10 | 0.8274239 | 0.8738651 |     0.8859713 | 0.9015175 |      1.1497367 | 1.0097521 |     1.0555399 |          1.0212912 | 1.3999956 |        1.6549307 |    1.7123518 |    1.8819473 | 2.2452386 | 2.2206121 |   2.1922013 | 2.5254519 | 2.6932146 |
| GetNarrowList |  10000 |     100 | 1.2410801 | 1.4069617 |     1.5782361 | 1.3565814 |      1.7801936 | 1.5612073 |     1.7827287 |          1.7332113 | 1.8795085 |        2.0912710 |    2.2766652 |    2.3185569 | 4.3629842 | 2.8033025 |   2.8263324 | 3.1163297 | 3.3920894 |
| GetNarrowList |   1000 |    1000 | 0.5854735 | 0.6983020 |     0.7824734 | 0.6238440 |      0.8118148 | 0.6940670 |     0.5681578 |          0.7330842 | 0.5991420 |        0.6246814 |    0.7339836 |    0.6483379 |           | 0.8578658 |   0.8729241 | 0.8777419 | 1.0956531 |
| GetNarrowList |    100 |   10000 | 0.3180544 | 0.5970930 |     0.5157102 | 0.3462174 |      0.5173544 | 0.4101648 |     0.3440385 |          0.5073585 | 0.3504120 |        0.3449157 |    0.4511584 |    0.3441456 |           | 0.4713290 |   0.4908421 | 0.4686747 | 0.6715262 |
| GetNarrowList |     10 |  100000 | 0.2923454 | 0.5292974 |     0.6066224 | 0.3305036 |      0.4871561 | 0.3781588 |     0.3215970 |          0.4900520 | 0.3320476 |        0.3138084 |    0.4140297 |    0.3103503 |           | 0.4292472 |   0.4452804 | 0.4220420 | 0.6193274 |
| GetNarrowList |      1 | 1000000 | 0.2845535 | 0.5191791 |     0.5726831 | 0.3175327 |      0.4866024 | 0.3712408 |     0.3147583 |          0.4810180 | 0.3272822 |        0.3029308 |    0.4072137 |    0.3151975 |           | 0.4163654 |   0.4278345 | 0.4087882 | 0.6018922 |
+---------------+--------+---------+-----------+-----------+---------------+-----------+----------------+-----------+---------------+--------------------+-----------+------------------+--------------+--------------+-----------+-----------+-------------+-----------+-----------+
