Count : 7
+---------------+--------+---------+-----------+-----------+---------------+-----------+-----------+-----------+------------------+-------------+--------------+
| Test          | Repeat | Take    | Dapper    | L2DB Sql  | L2DB Compiled | AdoNet    | L2DB Linq | PetaPoco  | EF Core Compiled | EF Core Sql | EF Core Linq |
+---------------+--------+---------+-----------+-----------+---------------+-----------+-----------+-----------+------------------+-------------+--------------+
| GetNarrowList |  10000 |       1 | 0.6886679 | 0.6946758 |     0.7409378 | 0.8131664 | 0.8985157 | 1.2164297 |        2.6640854 |   2.7059631 |    2.8268188 |
| GetNarrowList |  10000 |      10 | 0.7374206 | 0.7083116 |     0.7957452 | 0.9393234 | 0.9598140 | 1.2102666 |        2.6547174 |   2.6715913 |    2.8502169 |
| GetNarrowList |  10000 |     100 | 1.0734789 | 1.1069298 |     1.0804917 | 1.1662523 | 1.2789212 | 1.5696853 |        3.2420663 |   3.3038236 |    3.2327890 |
| GetNarrowList |   1000 |    1000 | 0.5006015 | 0.4366121 |     0.3843724 | 0.4426964 | 0.4048777 | 0.5378453 |        0.8169550 |   0.8697857 |    0.8296453 |
| GetNarrowList |    100 |   10000 | 0.3523056 | 0.2027389 |     0.2102069 | 0.1965753 | 0.2087705 | 0.2368758 |        0.4340557 |   0.4364077 |    0.4331140 |
| GetNarrowList |     10 |  100000 | 0.3409339 | 0.1771753 |     0.1767682 | 0.1719974 | 0.1769900 | 0.2031488 |        0.3636758 |   0.3656743 |    0.3610523 |
| GetNarrowList |      1 | 1000000 | 0.3653130 | 0.1721214 |     0.1777462 | 0.1777863 | 0.1759337 | 0.2120647 |        0.3649513 |   0.3467846 |    0.3463058 |
+---------------+--------+---------+-----------+-----------+---------------+-----------+-----------+-----------+------------------+-------------+--------------+
