Count : 7
+-----------------------------+--------+-----------+---------------+--------------------+----------------+--------------+------------------+-----------+--------------+-----------+-----------+------+
| Test                        | Repeat | AdoNet    | L2DB Compiled | BLToolkit Compiled | BLToolkit Linq | L2S Compiled | EF Core Compiled | L2DB Linq | EF Core Linq | L2S Linq  | EF6 Linq  | Take |
+-----------------------------+--------+-----------+---------------+--------------------+----------------+--------------+------------------+-----------+--------------+-----------+-----------+------+
| SimpleLinqQuery             |   1000 | 0.0851760 |     0.0964540 |          0.1215594 |      0.1351114 |    0.1606677 |        0.1835934 | 0.1910968 |    0.2248032 | 0.2722193 | 0.2946963 |      |
| SimpleLinqQueryTop          |   1000 | 0.0947238 |     0.1290698 |          0.1329918 |      0.1462310 |    0.1535806 |        0.1970978 | 0.2173648 |    0.2414823 | 0.3062815 | 0.2766960 |    1 |
| ComplicatedLinqFast         |   1000 | 0.0785865 |     0.1475860 |          0.1466837 |      0.2213237 |    0.1629883 |        0.2038965 | 0.3697977 |    0.3231327 | 0.7189409 | 0.5215716 |    1 |
| ComplicatedLinqSlow(100)    |    100 | 1.9099411 |     1.9395221 |          1.9555317 |      1.9854235 |    1.9365170 |        1.9334669 | 1.9854079 |    1.9640872 | 2.1497279 | 2.0137697 |   10 |
| ComplicatedLinqSlow(1000)   |    100 | 2.0643540 |     2.0860636 |          2.0482356 |      2.0600827 |    2.0308777 |        2.0636757 | 2.1390501 |    2.0824180 | 2.2227783 | 2.1204898 |   10 |
| ComplicatedLinqSlow(250000) |     20 | 1.3645958 |     1.3696683 |          2.4455210 |      3.8493524 |    1.3418516 |        7.6162681 | 1.3724390 |    8.4624283 | 1.2975902 | 4.1267993 |   10 |
| ComplicatedLinqSlow(500000) |     10 | 1.1675057 |     1.1778774 |          1.2719071 |      2.5437019 |    0.9176211 |        7.3905846 | 1.1568690 |    7.7440286 | 0.9304343 | 2.7418711 |   10 |
+-----------------------------+--------+-----------+---------------+--------------------+----------------+--------------+------------------+-----------+--------------+-----------+-----------+------+
