Count : 7
+-------------+--------+---------+-----------+-----------+-----------+-----------+-----------+-----------+-----------+-----------+-----------+-----------+-----------+
| Test        | Repeat | Take    | AdoNet    | L2DB_Linq | L2DB_Comp | EF_Sql    | EF_Linq   | EF_Comp   | EG6_Sql   | EG6_Linq  | L2S_Sql   | L2S_Linq  | L2S_Comp  |
+-------------+--------+---------+-----------+-----------+-----------+-----------+-----------+-----------+-----------+-----------+-----------+-----------+-----------+
| GetWideList |   1000 |       1 | 0.0391849 | 0.0888396 | 0.0836575 | 0.1173413 | 0.1132121 | 0.1006322 | 0.1023003 | 0.1318311 | 0.1395336 | 0.1633584 | 0.1002837 |
| GetWideList |   1000 |      10 | 0.0450034 | 0.0934823 | 0.0928012 | 0.1350701 | 0.1290503 | 0.1171755 | 0.1269076 | 0.1571023 | 0.1577336 | 0.2018951 | 0.1175772 |
| GetWideList |   1000 |     100 | 0.1846974 | 0.2113082 | 0.2044759 | 0.3792293 | 0.3475964 | 0.2635432 | 0.4547745 | 0.4837658 | 0.4027242 | 0.4339817 | 0.3564713 |
| GetWideList |   1000 |    1000 | 0.6301625 | 0.9301399 | 0.8784298 | 1.9399642 | 1.7515609 | 1.7531378 | 2.8874834 | 2.9075803 | 2.0099753 | 2.0604615 | 1.8709115 |
| GetWideList |    100 |   10000 | 0.5070363 | 0.8116844 | 0.7983737 | 2.2700060 | 2.1329026 | 2.1380324 | 3.7455481 | 3.7368458 | 2.2375997 | 2.1828221 | 2.1683518 |
| GetWideList |     10 |  100000 | 0.4946265 | 0.8508711 | 0.8739133 | 2.3253796 | 2.2558188 | 2.2962138 | 4.0328219 | 4.0222925 | 2.3462797 | 2.2898791 | 2.2797504 |
| GetWideList |      1 | 1000000 | 0.4944231 | 0.8545834 | 0.8504750 | 2.2504119 | 2.2338587 | 2.1870377 | 4.0334988 | 4.0104018 | 2.3473787 | 2.2885972 | 2.2978406 |
+-------------+--------+---------+-----------+-----------+-----------+-----------+-----------+-----------+-----------+-----------+-----------+-----------+-----------+
