Count : 7
+-------------+--------+---------+-----------+-----------+-----------+-----------+-----------+-----------+-----------+-----------+-----------+-----------+-----------+-----------+-----------+-----------+-----------+-----------+-----------+
| Test        | Repeat | Take    | AdoNet    | Dapper    | PetaPoco  | L2DB_Sql  | L2DB_Linq | L2DB_Comp | EF_Sql    | EF_Linq   | EF_Comp   | BLT_Sql   | BLT_Linq  | BLT_Comp  | EF6_Sql   | EF6_Linq  | L2S_Sql   | L2S_Linq  | L2S_Comp  |
+-------------+--------+---------+-----------+-----------+-----------+-----------+-----------+-----------+-----------+-----------+-----------+-----------+-----------+-----------+-----------+-----------+-----------+-----------+-----------+
| GetWideList |   1000 |       1 | 0.0416146 | 0.0442767 | 0.0531689 | 0.0440651 | 0.0542059 | 0.0533829 | 0.1184471 | 0.1143134 | 0.1021892 | 0.0562482 | 0.0562482 | 0.0570170 | 0.1092968 | 0.1322390 | 0.1397123 | 0.1644320 | 0.1000389 |
| GetWideList |   1000 |      10 | 0.0471581 | 0.0513198 | 0.0597751 | 0.0505696 | 0.0615440 | 0.0599022 | 0.1274863 | 0.1221222 | 0.1108670 | 0.0649644 | 0.0649644 | 0.0647770 | 0.1356728 | 0.1413119 | 0.1467284 | 0.1721323 | 0.1065384 |
| GetWideList |   1000 |     100 | 0.1165785 | 0.1297385 | 0.1331948 | 0.1223941 | 0.1383896 | 0.1160379 | 0.2950270 | 0.1929446 | 0.1821999 | 0.2249997 | 0.2249997 | 0.1322291 | 0.4836178 | 0.3105921 | 0.3027476 | 0.2647462 | 0.1669410 |
| GetWideList |   1000 |    1000 | 0.6447456 | 0.7641851 | 0.7169157 | 0.6919234 | 0.7537237 | 0.7209376 | 1.0252416 | 0.8993772 | 0.8997809 | 0.8846610 | 0.8846610 | 0.8364304 |           | 1.0417913 | 0.8828061 | 0.9018216 | 0.7848420 |
| GetWideList |    100 |   10000 | 0.5323470 | 0.6553724 | 0.5840887 | 0.5656273 | 0.6124666 | 0.6029356 | 0.8360278 | 0.7646142 | 0.7702687 | 0.7493406 | 0.7493406 | 0.7543582 |           | 0.8489586 | 0.6785885 | 0.6706799 | 0.6525652 |
| GetWideList |     10 |  100000 | 0.5232425 | 0.8230542 | 0.5939807 | 0.5706512 | 0.6541674 | 0.6241804 | 0.8173243 | 0.7498738 | 0.7618742 | 0.7459110 | 0.7459110 | 0.7582835 |           | 0.8298437 | 0.6525571 | 0.6632865 | 0.6576615 |
| GetWideList |      1 | 1000000 | 0.5394453 | 0.8446389 | 0.5767311 | 0.5667371 | 0.6016943 | 0.6016148 | 0.8109815 | 0.7586251 | 0.7660484 | 0.7517094 | 0.7517094 | 0.7430590 |           | 0.8281508 | 0.6751049 | 0.6478206 | 0.6411594 |
+-------------+--------+---------+-----------+-----------+-----------+-----------+-----------+-----------+-----------+-----------+-----------+-----------+-----------+-----------+-----------+-----------+-----------+-----------+-----------+
