Count : 6
+---------------+--------+--------+-----------+-----------+-----------+-----------+-----------+-----------+-----------+
| Test          | Repeat | Take   | AdoNet    | L2DB_Linq | EF_Sql    | EF_Linq   | EF_Comp   | EF6_Sql   | EF6_Linq  |
+---------------+--------+--------+-----------+-----------+-----------+-----------+-----------+-----------+-----------+
| GetNarrowList |  10000 |      1 | 0.5279651 | 1.0317119 | 1.4227552 | 1.4892935 | 1.2607860 | 1.2781001 | 1.6101677 |
| GetNarrowList |  10000 |     10 | 0.5547967 | 1.0960253 | 1.6508452 | 1.6087237 | 1.4731929 | 1.4740790 | 1.8075872 |
| GetNarrowList |   1000 |    100 | 0.0768183 | 0.1449026 | 0.3717712 | 0.3588800 | 0.3452962 | 0.3311220 | 0.3646210 |
| GetNarrowList |    100 |   1000 | 0.0332931 | 0.0498718 | 0.2493050 | 0.2357223 | 0.2341873 | 0.2294187 | 0.2333415 |
| GetNarrowList |     10 |  10000 | 0.0209988 | 0.0368597 | 0.2645297 | 0.2569014 | 0.2499593 | 0.2776579 | 0.2784382 |
| GetNarrowList |      1 | 100000 | 0.0194229 | 0.0418131 | 0.2634561 | 0.2544495 | 0.2473139 | 0.2949471 | 0.2987769 |
+---------------+--------+--------+-----------+-----------+-----------+-----------+-----------+-----------+-----------+
