Count : 7
+---------------+--------+---------+-----------+-----------+-----------+-----------+-----------+---------------+-------------+------------------+--------------+
| Test          | Repeat | Take    | Dapper    | AdoNet    | PetaPoco  | L2DB Linq | L2DB Sql  | L2DB Compiled | EF Core Sql | EF Core Compiled | EF Core Linq |
+---------------+--------+---------+-----------+-----------+-----------+-----------+-----------+---------------+-------------+------------------+--------------+
| GetNarrowList |  10000 |       1 | 0.9694074 | 0.9920656 | 1.0032260 | 1.1239203 | 1.1397701 |     1.2048085 |   2.1683120 |        2.2963627 |    2.4346777 |
| GetNarrowList |  10000 |      10 | 0.9750881 | 0.9137954 | 1.0214468 | 1.0515336 | 0.9443704 |     1.1225377 |   2.2195857 |        2.3074914 |    2.4998478 |
| GetNarrowList |  10000 |     100 | 1.0509175 | 0.9210006 | 1.0316041 | 1.1361771 | 1.0578150 |     1.2977062 |   2.2954197 |        2.5061101 |    2.6269119 |
| GetNarrowList |   1000 |    1000 | 0.2862539 | 0.2576596 | 0.3060981 | 0.2926872 | 0.2653507 |     0.2883695 |   0.4908998 |        0.4330761 |    0.4602049 |
| GetNarrowList |    100 |   10000 | 0.1524479 | 0.1126177 | 0.1221245 | 0.1138995 | 0.1106745 |     0.1174035 |   0.1717889 |        0.1674824 |    0.1678956 |
| GetNarrowList |     10 |  100000 | 0.1936165 | 0.0959521 | 0.1401158 | 0.0985876 | 0.0979435 |     0.1007333 |   0.2027904 |        0.1534151 |    0.1443198 |
| GetNarrowList |      1 | 1000000 | 0.1729516 | 0.0924424 | 0.1080531 | 0.0977141 | 0.0976868 |     0.0997607 |   0.1473622 |        0.1616907 |    0.1466994 |
+---------------+--------+---------+-----------+-----------+-----------+-----------+-----------+---------------+-------------+------------------+--------------+
