Count : 7
+-------------+--------+---------+-----------+-----------+-----------+-----------+---------------+-----------+------------------+-------------+--------------+
| Test        | Repeat | Take    | AdoNet    | Dapper    | PetaPoco  | L2DB Sql  | L2DB Compiled | L2DB Linq | EF Core Compiled | EF Core Sql | EF Core Linq |
+-------------+--------+---------+-----------+-----------+-----------+-----------+---------------+-----------+------------------+-------------+--------------+
| GetWideList |  10000 |       1 | 0.8164648 | 0.8558042 | 0.9618208 | 0.9994527 |     1.2257167 | 1.2529357 |        2.2304669 |   2.5167584 |    2.5822296 |
| GetWideList |  10000 |      10 | 0.8296946 | 0.8387483 | 1.0065546 | 0.8541415 |     1.2900989 | 1.0888419 |        2.2976989 |   2.4202022 |    2.3589239 |
| GetWideList |  10000 |     100 | 2.3173242 | 2.5185168 | 2.6294345 | 2.4954507 |     2.5829711 | 2.5697065 |        3.3504342 |   3.7515650 |    3.3273075 |
| GetWideList |   1000 |    1000 | 0.6826057 | 0.7273327 | 0.8192326 | 0.6742330 |     0.7048618 | 0.7584674 |        0.9099840 |   0.9318710 |    0.9083620 |
| GetWideList |    100 |   10000 | 0.4746578 | 0.6926771 | 0.5043657 | 0.5133183 |     0.5246119 | 0.4996954 |        0.6437461 |   0.5688999 |    0.6234697 |
| GetWideList |     10 |  100000 | 0.4714847 | 0.6830243 | 0.5551257 | 0.5483786 |     0.4869529 | 0.4579267 |        0.5838190 |   0.5509739 |    0.6800732 |
| GetWideList |      1 | 1000000 | 0.4612117 | 0.8766411 | 0.4908747 | 0.4821896 |     0.5681915 | 0.4578742 |        0.6232985 |   0.5439436 |    0.5849235 |
+-------------+--------+---------+-----------+-----------+-----------+-----------+---------------+-----------+------------------+-------------+--------------+
