Count : 7
+---------------+--------+---------+-----------+-----------+-----------+-----------+-----------+-----------+-----------+-----------+-----------+-----------+-----------+
| Test          | Repeat | Take    | AdoNet    | L2DB_Linq | L2DB_Comp | EF_Sql    | EF_Linq   | EF_Comp   | EG6_Sql   | EG6_Linq  | L2S_Sql   | L2S_Linq  | L2S_Comp  |
+---------------+--------+---------+-----------+-----------+-----------+-----------+-----------+-----------+-----------+-----------+-----------+-----------+-----------+
| GetNarrowList |  10000 |       1 | 0.3628817 | 0.8109560 | 0.8963912 | 1.1241482 | 1.0750194 | 0.9530689 | 0.9444578 | 1.2357084 | 1.1582920 | 1.3096810 | 0.9409915 |
| GetNarrowList |  10000 |      10 | 0.3786153 | 0.8600651 | 0.8369205 | 1.2244056 | 1.1721975 | 1.0484140 | 1.0882676 | 1.3816279 | 1.2383596 | 1.3925443 | 1.0228615 |
| GetNarrowList |  10000 |     100 | 0.5415661 | 1.1398261 | 1.1397038 | 2.1135558 | 2.0284933 | 1.9065723 | 2.4176427 | 2.7342753 | 1.9782357 | 2.1502711 | 1.7656122 |
| GetNarrowList |   1000 |    1000 | 0.2429940 | 0.3934592 | 0.3558714 | 1.1461569 | 1.0577736 | 1.0459784 | 1.6563776 | 1.6935428 | 0.9633313 | 0.9736981 | 0.9008172 |
| GetNarrowList |    100 |   10000 | 0.1356621 | 0.2926536 | 0.2926949 | 1.3307065 | 1.2864903 | 1.2976099 | 2.2561500 | 2.2606019 | 0.9996497 | 1.0228632 | 1.0135716 |
| GetNarrowList |     10 |  100000 | 0.1244909 | 0.2896090 | 0.2754188 | 1.3379436 | 1.3229666 | 1.3255436 | 2.5319831 | 2.4942630 | 1.0885558 | 1.0901184 | 1.0894619 |
| GetNarrowList |      1 | 1000000 | 0.1228741 | 0.3318418 | 0.3262504 | 1.3356466 | 1.2932408 | 1.3280459 | 2.5248496 | 2.5304986 | 1.0629643 | 1.1193378 | 1.1050409 |
+---------------+--------+---------+-----------+-----------+-----------+-----------+-----------+-----------+-----------+-----------+-----------+-----------+-----------+
