Count : 7
+-------------+--------+---------+-----------+-----------+-----------+---------------+---------------+-----------+----------------+--------------------+-----------+------------------+--------------+-------------+-----------+--------------+-----------+-----------+-----------+
| Test        | Repeat | Take    | AdoNet    | L2DB Sql  | Dapper    | L2DB Compiled | BLToolkit Sql | L2DB Linq | BLToolkit Linq | BLToolkit Compiled | PetaPoco  | EF Core Compiled | EF Core Linq | EF Core Sql | EF6 Sql   | L2S Compiled | EF6 Linq  | L2S Sql   | L2S Linq  |
+-------------+--------+---------+-----------+-----------+-----------+---------------+---------------+-----------+----------------+--------------------+-----------+------------------+--------------+-------------+-----------+--------------+-----------+-----------+-----------+
| GetWideList |  10000 |       1 | 0.5614385 | 0.5911211 | 0.6072301 |     0.6787068 |     0.6895498 | 0.6932617 |      0.7261949 |          0.7351725 | 0.7631448 |        0.9939555 |    1.1084855 |   1.2624948 | 1.2920942 |    1.3601266 | 1.5063244 | 2.1016977 | 2.2814071 |
| GetWideList |  10000 |      10 | 0.6384697 | 0.6752961 | 0.7866173 |     0.7643583 |     0.8598250 | 0.7812639 |      0.8932092 |          0.9404556 | 0.8245996 |        1.0907109 |    1.2296042 |   1.4242654 | 1.6607174 |    1.5138032 | 1.6166989 | 2.1216024 | 2.3761683 |
| GetWideList |  10000 |     100 | 2.2454166 | 2.0002407 | 2.4833868 |     2.1019959 |     3.2261117 | 2.5256028 |      3.1463158 |          3.1450092 | 2.9447653 |        2.4274430 |    2.5426153 |   3.7530768 | 5.7365083 |    2.6794314 | 3.5515495 | 3.8934412 | 4.1822786 |
| GetWideList |   1000 |    1000 | 0.9312111 | 1.0189313 | 1.1466753 |     1.0341273 |     1.7719069 | 1.0410441 |      1.7676356 |          1.7439091 | 1.0993276 |        1.1288936 |    1.1271650 |   1.8016887 |           |    1.1267972 | 1.4233409 | 1.3098341 | 1.2356518 |
| GetWideList |    100 |   10000 | 0.7937101 | 0.9335144 | 1.3100294 |     0.9222142 |     1.6651257 | 0.9876369 |      1.6003598 |          1.6431589 | 0.9785369 |        0.9737437 |    0.9842608 |   1.5588702 |           |    0.9574602 | 1.1434423 | 0.9771933 | 1.0117919 |
| GetWideList |     10 |  100000 | 0.7760442 | 0.9017671 | 1.3633808 |     0.9243919 |     1.9274159 | 0.9151656 |      3.0573763 |          1.5894176 | 0.9122588 |        0.9750175 |    0.9322590 |   1.5948787 |           |    0.9186371 | 1.0886702 | 0.9529482 | 0.9419773 |
| GetWideList |      1 | 1000000 | 0.7543666 | 0.8678548 | 1.3457127 |     0.8875873 |     1.8991571 | 0.8907769 |      1.6060286 |          1.5899593 | 0.9603689 |        1.0284621 |    0.9305829 |   3.3584102 |           |    0.9123218 | 1.1090037 | 0.9456948 | 0.9259714 |
+-------------+--------+---------+-----------+-----------+-----------+---------------+---------------+-----------+----------------+--------------------+-----------+------------------+--------------+-------------+-----------+--------------+-----------+-----------+-----------+
