Count : 7
+------------------+--------+---------+-----------+-----------+-----------+-----------+-----------+-----------+-----------+-----------+-----------+
| Test             | Repeat | Take    | AdoNet    | Dapper    | L2DB_Sql  | L2DB_Linq | EF_Sql    | EF_Linq   | EF_Comp   | EG6_Sql   | EG6_Linq  |
+------------------+--------+---------+-----------+-----------+-----------+-----------+-----------+-----------+-----------+-----------+-----------+
| GetWideListAsync |  10000 |       1 | 0.5210011 | 0.5477003 | 0.5567892 | 0.6572411 | 1.3214720 | 1.2798703 | 1.1474376 | 1.3129356 | 1.6220043 |
| GetWideListAsync |  10000 |      10 | 0.6192382 | 0.6225919 | 0.6256180 | 0.7331796 | 1.4565461 | 1.4105158 | 1.2717976 | 1.5938352 | 1.9319211 |
| GetWideListAsync |  10000 |     100 | 2.2021581 | 2.2268423 | 2.0947496 | 2.4634706 | 3.9211538 | 2.8911203 | 2.6975867 | 5.6460228 | 6.0112329 |
| GetWideListAsync |   1000 |    1000 | 0.8898436 | 0.8483798 | 0.9671624 | 1.0973308 | 1.8818421 | 1.7017896 | 1.6483906 | 3.8084539 | 3.8429535 |
| GetWideListAsync |    100 |   10000 | 0.8290532 | 0.7227355 | 0.8969646 | 0.9207696 | 1.6115967 | 1.5511545 | 1.5079485 | 4.6766817 | 4.7627411 |
| GetWideListAsync |     10 |  100000 | 0.8095308 | 0.8567997 | 1.0665363 | 0.8954308 | 1.5774116 | 1.5963873 | 1.4969120 | 4.9796330 | 4.9722241 |
| GetWideListAsync |      1 | 1000000 | 0.7982745 | 0.9129187 | 1.0223840 | 0.9254791 | 1.6288867 | 1.5868854 | 1.4920588 | 4.9813721 | 5.0012061 |
+------------------+--------+---------+-----------+-----------+-----------+-----------+-----------+-----------+-----------+-----------+-----------+
