Count : 7
+---------------+--------+--------+-----------+---------------+-----------+--------------+------------------+-----------+--------------+-------------+-----------+-----------+-----------+
| Test          | Repeat | Take   | AdoNet    | L2DB Compiled | L2DB Linq | L2S Compiled | EF Core Compiled | EF6 Sql   | EF Core Linq | EF Core Sql | L2S Sql   | L2S Linq  | EF6 Linq  |
+---------------+--------+--------+-----------+---------------+-----------+--------------+------------------+-----------+--------------+-------------+-----------+-----------+-----------+
| GetNarrowList |  10000 |      1 | 0.8070563 |     0.9973817 | 1.3654927 |    1.7765191 |        1.8116928 | 2.0014807 |    2.0806137 |   2.2230551 | 2.2643345 | 2.5708314 | 2.6701594 |
| GetNarrowList |  10000 |     10 | 0.8505487 |     1.1305984 | 1.4056891 |    2.0107208 |        2.1192599 | 2.2335012 |    2.2761708 |   2.5480328 | 2.4872149 | 2.7097971 | 2.9095462 |
| GetNarrowList |   1000 |    100 | 0.1265564 |     0.1759354 | 0.2102855 |    0.3569499 |        0.3884190 | 0.4358261 |    0.4114513 |   0.4298896 | 0.3956701 | 0.4345728 | 0.5074789 |
| GetNarrowList |   1000 |   1000 | 0.5849940 |     0.5679469 | 0.6104919 |    1.7084425 |        1.9776833 | 2.6170267 |    2.0142854 |   2.0988980 | 1.8319622 | 1.8549080 | 2.7097613 |
| GetNarrowList |    100 |   1000 | 0.0593434 |     0.0593508 | 0.0601044 |    0.1746640 |        0.2042893 | 0.2680941 |    0.2031508 |   0.2137795 | 0.1884078 | 0.1898319 | 0.2744558 |
| GetNarrowList |     10 |  10000 | 0.0314891 |     0.0374110 | 0.0355663 |    0.2007388 |        0.2373598 | 0.3613235 |    0.2560891 |   0.2579406 | 0.1903528 | 0.2052717 | 0.4871272 |
| GetNarrowList |      1 | 100000 | 0.0289451 |     0.0333010 | 0.0315392 |    0.1987770 |        0.2391965 | 0.3717161 |    0.2404396 |   0.2640487 | 0.1922075 | 0.1977923 | 0.3637945 |
+---------------+--------+--------+-----------+---------------+-----------+--------------+------------------+-----------+--------------+-------------+-----------+-----------+-----------+
