Count : 7
+---------------+--------+---------+-----------+-----------+-----------+-----------+-----------+-----------+-----------+-----------+-----------+-----------+-----------+-----------+-----------+-----------+
| Test          | Repeat | Take    | AdoNet    | Dapper    | PetaPoco  | L2DB_Sql  | L2DB_Linq | L2DB_Comp | EF_Sql    | EF_Linq   | EF_Comp   | EG6_Sql   | EG6_Linq  | L2S_Sql   | L2S_Linq  | L2S_Comp  |
+---------------+--------+---------+-----------+-----------+-----------+-----------+-----------+-----------+-----------+-----------+-----------+-----------+-----------+-----------+-----------+-----------+
| GetNarrowList |  10000 |       1 | 0.3627521 | 0.3846206 | 0.4714378 | 0.3793432 | 0.4898812 | 0.4560614 | 1.0706342 | 1.0239251 | 0.9120525 | 0.9428360 | 1.2019487 | 1.1121157 | 1.2643879 | 0.9014527 |
| GetNarrowList |  10000 |      10 | 0.3786731 | 0.4061783 | 0.4872309 | 0.3966752 | 0.5055070 | 0.4751258 | 1.0959627 | 1.0487697 | 0.9362877 | 1.0861575 | 1.2388500 | 1.1242945 | 1.2814958 | 0.9136038 |
| GetNarrowList |  10000 |     100 | 0.5400228 | 0.6205996 | 0.7045626 | 0.5733689 | 0.6948486 | 0.6721853 | 1.3581552 | 1.2943902 | 1.1860530 | 2.4148001 | 1.5591676 | 1.3359154 | 1.4929103 | 1.1258924 |
| GetNarrowList |   1000 |    1000 | 0.2424135 | 0.2976877 | 0.2924030 | 0.2603522 | 0.2881006 | 0.2512624 | 0.4253784 | 0.3670680 | 0.3562889 | 1.6583057 | 0.5023571 | 0.3792371 | 0.3923408 | 0.3213958 |
| GetNarrowList |    100 |   10000 | 0.1351436 | 0.1929057 | 0.1753117 | 0.1507474 | 0.1712785 | 0.1663689 | 0.2536204 | 0.2308421 | 0.2323258 | 2.2554785 | 0.3206326 | 0.2080128 | 0.2089752 | 0.2012483 |
| GetNarrowList |     10 |  100000 | 0.1252017 | 0.2492341 | 0.1639059 | 0.1409674 | 0.1537483 | 0.1541153 | 0.2299858 | 0.2166730 | 0.2143488 | 2.5701889 | 0.3004186 | 0.1908974 | 0.1906505 | 0.1896742 |
| GetNarrowList |      1 | 1000000 | 0.1230462 | 0.2448657 | 0.1626619 | 0.1383162 | 0.1564471 | 0.1551794 | 0.2312773 | 0.2130956 | 0.2131452 | 2.5368696 | 0.2987982 | 0.1882599 | 0.1894387 | 0.1882062 |
+---------------+--------+---------+-----------+-----------+-----------+-----------+-----------+-----------+-----------+-----------+-----------+-----------+-----------+-----------+-----------+-----------+
