Count : 6
+-------------+--------+--------+-----------+-----------+-----------+-----------+-----------+-----------+-----------+
| Test        | Repeat | Take   | AdoNet    | L2DB_Linq | EF_Sql    | EF_Linq   | EF_Comp   | EF6_Sql   | EF6_Linq  |
+-------------+--------+--------+-----------+-----------+-----------+-----------+-----------+-----------+-----------+
| GetWideList |   1000 |      1 | 0.0555193 | 0.1257205 | 0.1482728 | 0.1460801 | 0.1322136 | 0.1380501 | 0.1693844 |
| GetWideList |   1000 |     10 | 0.0630634 | 0.1214206 | 0.1844835 | 0.1981308 | 0.1623260 | 0.1687316 | 0.1998792 |
| GetWideList |   1000 |    100 | 0.2586814 | 0.2635399 | 0.5591744 | 0.5169731 | 0.4809333 | 0.5990982 | 0.5815938 |
| GetWideList |    100 |   1000 | 0.0964077 | 0.1399104 | 0.3896069 | 0.3759189 | 0.3708154 | 0.4136346 | 0.4125139 |
| GetWideList |     10 |  10000 | 0.0912400 | 0.1357399 | 0.4569888 | 0.4163005 | 0.4051651 | 0.5090514 | 0.5120982 |
| GetWideList |      1 | 100000 | 0.0871827 | 0.1291652 | 0.4288952 | 0.4127526 | 0.4064987 | 0.5221677 | 0.5308000 |
+-------------+--------+--------+-----------+-----------+-----------+-----------+-----------+-----------+-----------+
