Count : 7
+---------------+--------+---------+-----------+-----------+-----------+---------------+-----------+-----------+-------------+------------------+--------------+
| Test          | Repeat | Take    | AdoNet    | L2DB Sql  | PetaPoco  | L2DB Compiled | Dapper    | L2DB Linq | EF Core Sql | EF Core Compiled | EF Core Linq |
+---------------+--------+---------+-----------+-----------+-----------+---------------+-----------+-----------+-------------+------------------+--------------+
| GetNarrowList |  10000 |       1 | 0.6358880 | 0.7381833 | 0.7532937 |     0.8405069 | 0.8772583 | 1.1043227 |   1.8114782 |        2.0281877 |    2.1496587 |
| GetNarrowList |  10000 |      10 | 0.9111762 | 0.6877505 | 0.7829578 |     0.9788377 | 1.1482997 | 1.1182360 |   2.0909767 |        1.8747610 |    2.1709185 |
| GetNarrowList |  10000 |     100 | 1.1293614 | 0.8600092 | 1.2777947 |     1.2170258 | 1.3859224 | 1.0792528 |   2.2925854 |        2.0707610 |    2.2007296 |
| GetNarrowList |   1000 |    1000 | 0.2740422 | 0.2776948 | 0.3359869 |     0.2938022 | 0.3019623 | 0.2923334 |   0.4415816 |        0.4036367 |    0.4331001 |
| GetNarrowList |    100 |   10000 | 0.1053615 | 0.1113330 | 0.1227124 |     0.1140919 | 0.1458160 | 0.1106296 |   0.1593263 |        0.1649130 |    0.1579625 |
| GetNarrowList |     10 |  100000 | 0.0923572 | 0.0923347 | 0.0959555 |     0.1051932 | 0.1528364 | 0.0965354 |   0.1329442 |        0.1437896 |    0.1385805 |
| GetNarrowList |      1 | 1000000 | 0.0907435 | 0.0928389 | 0.0934165 |     0.1000597 | 0.1464352 | 0.0966021 |   0.1277641 |        0.1480489 |    0.1327883 |
+---------------+--------+---------+-----------+-----------+-----------+---------------+-----------+-----------+-------------+------------------+--------------+
