Count : 7
+---------------+--------+---------+-----------+-----------+-----------+-----------+-----------+-----------+-----------+
| Test          | Repeat | Take    | AdoNet    | L2DB_Linq | EF_Sql    | EF_Linq   | EF_Comp   | EG6_Sql   | EG6_Linq  |
+---------------+--------+---------+-----------+-----------+-----------+-----------+-----------+-----------+-----------+
| GetNarrowList |  10000 |       1 | 0.5411260 | 1.0755641 | 1.4392617 | 1.3956636 | 1.2574596 | 1.2960176 | 1.6253691 |
| GetNarrowList |  10000 |      10 | 0.5614639 | 1.2954470 | 1.6706263 | 1.7269059 | 1.4710603 | 1.4803296 | 1.8137173 |
| GetNarrowList |  10000 |     100 | 0.7784328 | 1.5562841 | 4.0073041 | 3.6381324 | 3.4925481 | 3.2924351 | 3.6055182 |
| GetNarrowList |   1000 |    1000 | 0.3350739 | 0.5249265 | 2.5791238 | 2.5077273 | 2.4434531 | 2.2989450 | 2.3610260 |
| GetNarrowList |    100 |   10000 | 0.2155394 | 0.3877527 | 2.6864343 | 2.6602555 | 2.7825681 | 2.8554038 | 2.8622019 |
| GetNarrowList |     10 |  100000 | 0.2008967 | 0.3876126 | 2.7347764 | 2.6873639 | 2.6714170 | 3.2654073 | 3.1994027 |
| GetNarrowList |      1 | 1000000 | 0.1979721 | 0.4396992 | 2.7296027 | 2.6538054 | 2.6563346 | 3.1305210 | 3.1714935 |
+---------------+--------+---------+-----------+-----------+-----------+-----------+-----------+-----------+-----------+
